24.012128
0.437602
0.262126
-0.860113
21.666196
0.437602
0.262126
-0.860113
21.182098
0.437602
0.262126
-0.860113
22.045529
0.437602
0.262126
-0.860113
24.204819
0.437602
0.262126
-0.860113
26.485555
-0.411814
-0.079434
-0.907799
25.450008
-0.411814
-0.079434
-0.907799
25.706285
-0.411814
-0.079434
-0.907799
27.22505
-0.411814
-0.079434
-0.907799
26.384812
0.437602
0.262126
-0.860113
23.474675
0.437602
0.262126
-0.860113
21.670292
0.437602
0.262126
-0.860113
20.767345
0.437602
0.262126
-0.860113
22.403692
0.437602
0.262126
-0.860113
25.193022
-0.096952
0.769391
-0.631378
27.925506
-0.411814
-0.079434
-0.907799
25.818611
-0.411814
-0.079434
-0.907799
26.325043
-0.411814
-0.079434
-0.907799
29.534386
-0.411814
-0.079434
-0.907799
32.307222
0.046149
-0.303694
-0.951651
25.391876
0.437602
0.262126
-0.860113
19.853659
0.989721
0.050122
-0.133944
22.531729
0.437602
0.262126
-0.860113
25.290144
0.437602
0.262126
-0.860113
24.457389
-0.096952
0.769391
-0.631378
30.16813
-0.096952
0.769391
-0.631378
21.999906
-0.846923
-0.527224
0.068961
18.550879
-0.846923
-0.527224
0.068961
24.585156
-0.846923
-0.527224
0.068961
28.476118
0
-1
0
24.847735
0.989721
0.050122
-0.133944
17.767826
0.989721
0.050122
-0.133944
21.012733
0.989721
0.050122
-0.133944
22.948708
0.313146
0.949697
0.003788
26.261194
-0.096952
0.769391
-0.631378
27.384408
-0.80467
0.576852
-0.140526
18.085603
-0.846923
-0.527224
0.068961
15.330979
-0.846923
-0.527224
0.068961
20.131415
-0.846923
-0.527224
0.068961
24.223233
0
-1
0
22.532315
0.989721
0.050122
-0.133944
17.641275
0.989721
0.050122
-0.133944
21.031974
0.989721
0.050122
-0.133944
21.798653
0.313146
0.949697
0.003788
26.403439
-0.199286
0.805706
0.557783
27.24523
-0.80467
0.576852
-0.140526
16.745362
-0.846923
-0.527224
0.068961
14.252303
-0.846923
-0.527224
0.068961
18.583952
-0.846923
-0.527224
0.068961
23.037664
0
-1.0
0
22.638775
0.989721
0.050122
-0.133944
19.402316
0.989721
0.050122
-0.133944
23.337811
0.989721
0.050122
-0.133944
22.892282
0.313146
0.949697
0.003788
22.776064
-0.199286
0.805706
0.557783
28.164066
-0.199286
0.805706
0.557783
17.153295
-0.846923
-0.527224
0.068961
14.655743
-0.846923
-0.527224
0.068961
18.982953
-0.846923
-0.527224
0.068961
24.223233
0
-1.0
0
25.227402
0.989721
0.050122
-0.133944
22.062319
0.68995
0.256006
0.677075
21.718538
0.68995
0.256006
0.677075
24.342024
-0.199286
0.805706
0.557783
21.910688
-0.199286
0.805706
0.557783
25.977547
-0.199286
0.805706
0.557783
19.542301
-0.846923
-0.527224
0.068961
16.772306
-0.846923
-0.527224
0.068961
21.555792
-0.846923
-0.527224
0.068961
28.476118
0
-1
0
28.984047
0.68995
0.256006
0.677075
22.128239
0.68995
0.256006
0.677075
21.875905
0.68995
0.256006
0.677075
25.25613
-0.199286
0.805706
0.557783
23.306564
-0.199286
0.805706
0.557783
26.514513
-0.199286
0.805706
0.557783
25.617851
-0.846923
-0.527224
0.068961
22.135978
-0.846923
-0.527224
0.068961
27.950341
0.06456
-0.328594
0.942262
27.265889
0.06456
-0.328594
0.942262
26.790455
0.68995
0.256006
0.677075
24.610854
0.68995
0.256006
0.677075
24.445977
0.68995
0.256006
0.677075
26.870607
0.68995
0.256006
0.677075
27.798673
-0.199286
0.805706
0.557783
30.080819
-0.199286
0.805706
0.557783
29.802912
0.06456
-0.328594
0.942262
27.789139
0.06456
-0.328594
0.942262
26.469129
0.06456
-0.328594
0.942262
26.142401
0.06456
-0.328594
0.942262
26.866232
0.06456
-0.328594
0.942262
27.713246
0.06456
-0.328594
0.942262
21.975406
0.270193
-0.836777
-0.476235
19.509799
0.270193
-0.836777
-0.476235
28.401233
0.270193
-0.836777
-0.476235
28.378549
-0.071554
-0.078404
-0.99435
24.66835
-0.567592
-0.187647
-0.801641
21.585234
-0.567592
-0.187647
-0.801641
20.029734
-0.567592
-0.187647
-0.801641
19.475447
0.270193
-0.836777
-0.476235
15.54935
0.270193
-0.836777
-0.476235
14.442083
0.270193
-0.836777
-0.476235
15.562872
0.270193
-0.836777
-0.476235
19.234527
0.270193
-0.836777
-0.476235
26.668716
0.901164
-0.21724
-0.375114
19.968393
0
1
0
19.968393
0
1
0
22.005092
-0.567592
-0.187647
-0.801641
19.125041
-0.567592
-0.187647
-0.801641
19.103367
-0.567592
-0.187647
-0.801641
13.017092
0.270193
-0.836777
-0.476235
11.600812
0.270193
-0.836777
-0.476235
13.035125
0.270193
-0.836777
-0.476235
18.450932
0.901164
-0.21724
-0.375114
23.474254
0
1
0
14.507887
0
1
0
14.507887
0
1
0
23.474254
0
1
0
20.189417
-0.567592
-0.187647
-0.801641
20.156189
-0.567592
-0.187647
-0.801641
12.223011
0.270193
-0.836777
-0.476235
10.557244
0.270193
-0.836777
-0.476235
12.244905
0.270193
-0.836777
-0.476235
18.006601
0.901164
-0.21724
-0.375114
19.968393
0
1
0
12.341146
0
1
0
12.341146
0
1
0
19.968393
0
1
0
20.372156
-0.974775
-0.21486
0.060404
21.734596
-0.974775
-0.21486
0.060404
12.69111
0.270193
-0.836777
-0.476235
10.641637
0.270193
-0.836777
-0.476235
12.718869
0.270193
-0.836777
-0.476235
19.441483
0.901164
-0.21724
-0.375114
18.99107
0
1
0
11.737127
0
1
0
11.737127
0
1.0
0
18.99107
0
1.0
0
18.984973
-0.974775
-0.21486
0.060404
20.227403
-0.974775
-0.21486
0.060404
14.691905
0.270193
-0.836777
-0.476235
11.90181
0.270193
-0.836777
-0.476235
14.731039
0.270193
-0.836777
-0.476235
23.639171
0.901164
-0.21724
-0.375114
19.968393
0
1
0
12.341146
0
1
0
12.341146
0
1
0
19.968393
0
1.0
0
19.567998
-0.974775
-0.21486
0.060404
20.821687
-0.974775
-0.21486
0.060404
19.734987
0.270193
-0.836777
-0.476235
15.18681
0.270193
-0.836777
-0.476235
19.802195
0.270193
-0.836777
-0.476235
24.127946
0
0
1
23.474254
0
1
0
14.507887
0
1
0
14.507887
0
1
0
23.474254
0
1
0
22.455731
-0.974775
-0.21486
0.060404
23.85803
-0.974775
-0.21486
0.060404
24.127946
0
0
1.0
24.127946
0
0
1
24.127946
0
0
1
17.529979
0
0
1
17.529979
0
0
1
17.529979
0
0
1
17.529979
0
0
1
17.529979
0
0
1
17.529979
0
0
1
17.529979
0
0
1
17.529979
0
0
1
17.529979
0
0
1
17.529979
0
0
1
14.911891
0
0
1
14.911891
0
0
1
14.911891
0
0
1
14.911891
0
0
1
14.911891
0
0
1
14.911891
0
0
1.0
14.911891
0
0
1
14.911891
0
0
1.0
14.911891
0
0
1
14.911891
0
0
1
14.182051
0
0
1